force_x: -1.2921117329131653 
force_y: -1.0241224438863668 
force_z: -4.625398701670498
