external_tool_compensation: [0, 0, 0, 0, 0, 0]
# external_tool_compensation: [0.46, -0.17, -1.64, 0, 0, 0] # no tool
q_nullspace: [-0.00018091740727571674, -0.7847940677927195, -0.00024404294520081373, -2.3564243981994837, 0.0006413287301674081, 1.5711293005943296, 0.7850547459596864]